508862033
602653807
637782313
565315010
670622261
476020067
183870316
105676501
165864864
885183548
281248528
852882807
678240668
370032664
124600802
728418684
381835108
371862482
758680112
566656476
661240653
807653004
187440372
162014641
660866378
517516877
745881060
515214585
780613615
503230443
878775314
267802540
110187582
308300173
437676154
684327180
848442876
500544860
480310045
236382332
358648788
538441744
412325051
426700415
702786886
168503152
360751072
527326166
371731564
428884823
327130780
342577316
856725240
677671335
831105370
153176346
367065827
726621857
467781574
880156025
884052524
255440771
340224477
883475183
247018406
127184035
707078268
230121280
334737450
483256322
120324603
248788007
705005754
185130257
684308283
207186655
515335721
870058180
474700147
366018600
515557487
825758245
776648752
127300840
262316382
476516707
242108805
178404381
616147128
846358054
508431505
143388072
172717131
300485224
134133737
453606143
753537872
126463107
520263472
277257002
324621141
654401108
261062680
846768352
764405447
466155183
147476075
153643486
562332638
582407416
400882402
510137878
635135141
562435305
837647865
236470354
182123730
815580212
130667080
520263202
536653076
150430038
863712160
522835110
280756036
100761611
227341634
505575153
566356342
155652646
757582468
657027721
162087656
544076024
246742823
456452460
575831225
704638580
106307677
651334687
802757270
117343650
811826033
664074200
871520857
328534680
424610015
866226615
653558612
638360076
335141477
474150238
827232038
323436853
834108630
166121707
145736372
124717246
102006362
434244515
303567300
275382550
886213266
184261837
137340680
263415572
443074547
871184583
588881630
173352543
751462281
526880412
767061084
541200575
528567525
171047431
705028112
272642645
456875028
707817562
385331015
153485716
658313727
486273838
164567828
623308761
111670371
727714673
728321143
121658287
117267040
562252632
843106173
618538682
137104841
144225140
778081516
400454521
143744371
710408365
665428836
102555557
115074733
830528884
635266812
701623476
460573780
245442434
165868487
507241327
126424181
402515317
432774153
214122368
431043824
535323470
182560748
667232741
621012782
502008247
804134188
803528421
360163286
513366387
370412685
516355733
823825383
680052456
155257760
556013067
802727057
102584084
775115627
506631612
866132336
183166327
672520134
374842385
443701767
857884645
610120886
255882243
127534250
710182736
501135442
326731008
732118385
443044072
778117781
446342788
382285214
182885750
332713621
147404122
462875672
352468172
527887831
355201204
881405000
300187710
781075708
726200267
366428304
185261840
126368221
740467036
343547634
254601730
160883810
417570480
446545327
345858115
158242315
612543818
341765708
337150181
876888518
806541445
220804608
544674648
541412873
217208385
288135836
760248124
120012348
616524366
364307041
366066424
482784337
103682783
150625723
204404100
125188426
808282828
131515437
535165422
522141880
325051405
233867625
815718657
546362835
807081845
221437765
880072651
872527558
548686027
625122771
546780675
756040148
153458016
547610513
741861516
561623614
102662813
868076568
770278687
343643714
428248746
774785122
838127380
111336528
286420588
162485365
344600825
238860438
144216202
177803553
107512273
630767364
508606566
603278156
786832051
110387471
461208438
877858501
168467046
660748102
684523245
375857840
388721517
871037257
177251844
184570056
527543417
486178661
103222708
458545156
451284561
347316771
288225103
754452365
773027151
536116008
381425711
177354782
644385222
645287527
433546486
477286877
688422331
660224300
875808200
562185281
670065350
434878477
123146731
382628535
501786342
301717753
540028627
155201555
324043020
567432131
726714343
833271865
113223781
705160346
138315345
676206021
641786647
674327523
887032560
566146557
324564875
667441753
551516815
323072775
846445677
623414571
131628052
233153341
140275622
856120661
701863712
856230480
150171268
107614461
472875781
801136485
508138388
601470757
818318426
315482776
378153548
216045658
604044824
801028421
727417337
232733137
853380370
186171657
538858666
103341510
653328801
501228474
563345612
505465762
137462848
281781516
442643045
103071542
744247708
441576745
656286660
146163743
664437856
605270168
857172540
142040563
725305024
570714531
463225163
806182160
531335431
156712370
113635727
506352458
873373155
138676757
545233534
746305443
136088852
627032604
226753087
401123635
432302322
156172438
710654775
708800033
644881826
602086707
455558472
573108751
427887603
122537538
200200084
143171522
433387886
323638132
868100275
656605337
565531012
273308217
406662021
601475852
805127010
128603152
131360421
836403062
351618533
624466333
522046617
421885035
204648167
633472852
327182526
862400515
110544168
888203057
151815455
572133423
751527507
845683850
132800357
100116060
116620145
851032275
762814171
677706687
145053422
447876061
318070115
170470675
102243382
380423850
270821757
307777624
827431527
888006100
868082716
